REACH 1                                                                         
         1         1         2         2         1    0    0    0    1
                        0.0300    0.0000  8300.000    50.000
        42         3    65.600    70.200
     0.000              65.521               69.18      80.0    0.0000    0.0000
         2
    68.680       43.       43.      102.       46.      102.
    69.180       44.       44.      124.       47.      124.
    69.680       45.       45.      147.       49.      147.
   134.000              65.797               69.08      80.0    0.0000    0.0000
         2
    68.580       38.       38.       83.       41.       83.
    69.080       39.       39.      102.       42.      102.
    69.580       40.       40.      122.       43.      122.
   342.000              65.739               68.94      80.0    0.0000    0.0000
         2
    68.440       40.       40.       79.       42.       79.
    68.940       41.       41.       99.       43.       99.
    69.440       43.       43.      120.       45.      120.
   450.000              65.659               68.96      80.0    0.0000    0.0000
         2
    68.460       66.       66.      154.       68.      154.
    68.960       68.       68.      188.       70.      188.
    69.460       69.       69.      222.       72.      222.
   589.000              65.602               68.91      80.0    0.0000    0.0000
         2
    68.410       52.       52.      116.       53.      116.
    68.910       55.       55.      143.       56.      143.
    69.410       59.       59.      171.       60.      171.
   713.000              65.375               68.83      80.0    0.0000    0.0000
         2
    68.330       39.       39.       93.       41.       93.
    68.830       41.       41.      114.       43.      114.
    69.330       43.       43.      135.       46.      135.
   988.000              65.298               68.78      80.0    0.0000    0.0000
         2
    68.280       57.       57.      136.       58.      136.
    68.780       60.       60.      165.       61.      165.
    69.280       63.       63.      196.       64.      196.
  1170.000              65.079               68.73      80.0    0.0000    0.0000
         2
    68.230       51.       51.      117.       52.      117.
    68.730       54.       54.      143.       55.      143.
    69.230       57.       57.      171.       58.      171.
  1291.000              64.971               68.63      80.0    0.0000    0.0000
         2
    68.130       40.       40.       86.       41.       86.
    68.630       43.       43.      107.       44.      107.
    69.130       45.       45.      129.       47.      129.
  1416.000              65.091               68.63      80.0    0.0000    0.0000
         2
    68.130       54.       54.      134.       56.      134.
    68.630       56.       56.      162.       58.      162.
    69.130       58.       58.      191.       61.      191.
  1535.000              65.023               68.62      80.0    0.0000    0.0000
         2
    68.120       56.       56.      146.       58.      146.
    68.620       57.       57.      174.       60.      174.
    69.120       58.       58.      203.       61.      203.
  1684.000              64.664               68.59      80.0    0.0000    0.0000
         2
    68.090       59.       59.      141.       61.      141.
    68.590       61.       61.      171.       63.      171.
    69.090       63.       63.      202.       66.      202.
  1843.000              64.573               68.53      80.0    0.0000    0.0000
         2
    68.030       44.       44.      118.       47.      118.
    68.530       45.       45.      140.       48.      140.
    69.030       51.       51.      163.       55.      163.
  1986.000              64.355               68.51      80.0    0.0000    0.0000
         2
    68.010       49.       49.      133.       51.      133.
    68.510       52.       52.      158.       54.      158.
    69.010       56.       56.      186.       59.      186.
  2085.000              64.112               68.47      80.0    0.0000    0.0000
         2
    67.970       42.       42.      113.       44.      113.
    68.470       43.       43.      134.       46.      134.
    68.970       45.       45.      156.       48.      156.
  2154.000              64.273               68.46      80.0    0.0000    0.0000
         2
    67.960       45.       45.      121.       46.      121.
    68.460       46.       46.      144.       48.      144.
    68.960       48.       48.      168.       50.      168.
  2337.000              63.835               68.43      80.0    0.0000    0.0000
         2
    67.930       49.       49.      135.       51.      135.
    68.430       50.       50.      160.       53.      160.
    68.930       52.       52.      185.       55.      185.
  2464.000              63.403               68.40      80.0    0.0000    0.0000
         2
    67.900       45.       45.      128.       48.      128.
    68.400       48.       48.      152.       50.      152.
    68.900       51.       51.      176.       53.      176.
  2582.000              63.846               68.35      80.0    0.0000    0.0000
         2
    67.850       39.       39.      108.       42.      108.
    68.350       46.       46.      129.       50.      129.
    68.850       51.       51.      154.       55.      154.
  2772.000              64.493               68.31      80.0    0.0000    0.0000
         2
    67.810       50.       50.      126.       51.      126.
    68.310       51.       51.      151.       53.      151.
    68.810       53.       53.      177.       55.      177.
  2868.000              64.211               68.28      80.0    0.0000    0.0000
         2
    67.780       44.       44.      119.       46.      119.
    68.280       45.       45.      141.       48.      141.
    68.780       46.       46.      164.       49.      164.
  3037.000              63.981               68.21      80.0    0.0000    0.0000
         2
    67.710       40.       40.      104.       42.      104.
    68.210       42.       42.      124.       44.      124.
    68.710       44.       44.      146.       46.      146.
  3228.000              64.172               68.18      80.0    0.0000    0.0000
         2
    67.680       46.       46.      124.       49.      124.
    68.180       47.       47.      147.       50.      147.
    68.680       49.       49.      171.       52.      171.
  3478.000              64.456               68.11      80.0    0.0000    0.0000
         2
    67.610       45.       45.      117.       47.      117.
    68.110       47.       47.      140.       48.      140.
    68.610       50.       50.      164.       52.      164.
  3658.000              64.260               68.09      80.0    0.0000    0.0000
         2
    67.590       53.       53.      147.       55.      147.
    68.090       55.       55.      174.       58.      174.
    68.590       56.       56.      202.       59.      202.
  3902.000              63.875               68.01      80.0    0.0000    0.0000
         2
    67.510       43.       43.      114.       45.      114.
    68.010       44.       44.      135.       47.      135.
    68.510       45.       45.      158.       48.      158.
  4088.000              63.517               67.98      80.0    0.0000    0.0000
         2
    67.480       47.       47.      124.       49.      124.
    67.980       48.       48.      147.       50.      147.
    68.480       49.       49.      172.       52.      172.
  4273.000              63.743               67.92      80.0    0.0000    0.0000
         2
    67.420       45.       45.      115.       47.      115.
    67.920       49.       49.      138.       51.      138.
    68.420       50.       50.      163.       53.      163.
  4616.000              64.380               67.84      80.0    0.0000    0.0000
         2
    67.340       52.       52.      124.       54.      124.
    67.840       53.       53.      150.       55.      150.
    68.340       54.       54.      177.       57.      177.
  4773.000              64.563               67.79      80.0    0.0000    0.0000
         2
    67.290       48.       48.      112.       51.      112.
    67.790       52.       52.      136.       55.      136.
    68.290       57.       57.      163.       60.      163.
  4999.000              64.420               67.70      80.0    0.0000    0.0000
         2
    67.200       48.       48.      102.       49.      102.
    67.700       50.       50.      127.       52.      127.
    68.200       52.       52.      153.       54.      153.
  5177.000              64.133               67.61      80.0    0.0000    0.0000
         2
    67.110       43.       43.       96.       45.       96.
    67.610       45.       45.      118.       47.      118.
    68.110       47.       47.      141.       50.      141.
  5586.000              63.720               67.47      80.0    0.0000    0.0000
         2
    66.970       46.       46.      108.       47.      108.
    67.470       47.       47.      131.       49.      131.
    67.970       49.       49.      155.       51.      155.
  5871.000              63.714               67.40      80.0    0.0000    0.0000
         2
    66.900       49.       49.      116.       50.      116.
    67.400       51.       51.      141.       52.      141.
    67.900       52.       52.      167.       54.      167.
  6144.000              63.024               67.32      80.0    0.0000    0.0000
         2
    66.820       46.       46.      112.       48.      112.
    67.320       48.       48.      136.       50.      136.
    67.820       49.       49.      160.       52.      160.
  6612.000              62.827               67.19      80.0    0.0000    0.0000
         2
    66.690       60.       60.      118.       61.      118.
    67.190       60.       60.      148.       62.      148.
    67.690       66.       66.      179.       68.      179.
  6839.000              63.446               67.06      80.0    0.0000    0.0000
         2
    66.560       47.       47.       91.       49.       91.
    67.060       49.       49.      115.       51.      115.
    67.560       51.       51.      140.       53.      140.
  7097.000              64.055               66.96      80.0    0.0000    0.0000
         2
    66.460       52.       52.      105.       54.      105.
    66.960       54.       54.      131.       56.      131.
    67.460       57.       57.      159.       59.      159.
  7361.000              63.211               66.89      80.0    0.0000    0.0000
         2
    66.390       54.       54.      118.       55.      118.
    66.890       55.       55.      146.       56.      146.
    67.390       55.       55.      173.       57.      173.
  7668.000              62.790               66.74      80.0    0.0000    0.0000
         2
    66.240       43.       43.       90.       45.       90.
    66.740       49.       49.      114.       51.      114.
    67.240       51.       51.      139.       53.      139.
  7984.000              63.495               66.65      80.0    0.0000    0.0000
         2
    66.150       69.       69.      121.       70.      121.
    66.650       70.       70.      156.       72.      156.
    67.150       72.       72.      191.       74.      191.
  8300.000              63.768               66.56      80.0    0.0000    0.0000
         2
    66.060       71.       71.      121.       73.      121.
    66.560       75.       75.      158.       76.      158.
    67.060       77.       77.      196.       79.      196.
