0	100.326
0.499	100.377
1.588	100.454
2.555	100.469
4.611	100.741
5.639	100.719
6.57	100.657
7.4	100.644
8.723	100.711
9.751	100.7
10.721	100.715
11.806	100.785
14.89	100.656
15.918	100.512
16.946	100.461
17.974	100.324
19.024	100.247
20.03	100.205
21.058	100.218
22.086	100.29
23.175	100.321
24.142	100.283
25.17	100.189
26.198	100.221
27.226	100.401
28.254	100.507
29.282	100.673
30.31	100.786
32.067	100.656
33.138	100.535
34.421	100.513
35.449	100.422
36.477	100.25
37.505	100.038
38.533	99.871
39.561	99.909
40.589	99.975
42.271	100.165
42.645	100.189
44.701	100.25
45.592	100.115
47.253	99.953
48.813	99.818
49.841	99.787
50.574	99.808
50.869	99.799
51.897	99.841
53.895	99.856
54.98	99.898
57.216	99.883
58.046	99.86
60.12	99.93
61.148	99.904
63.204	99.911
64.232	99.878
64.689	99.842
68.84	99.409
70.5	99.192
71.428	99.099
72.456	98.935
73.484	98.83
75.482	98.768
76.568	98.659
77.973	98.616
78.623	98.617
80.464	98.443
81.707	98.254
82.735	98.179
84.791	97.953
86.847	97.779
87.875	97.786
88.903	97.768
90.959	97.819
92.088	97.766
93.015	97.643
94.043	97.646
96.099	97.548
97.127	97.566
99.183	97.649
100.39	97.655
101.145	97.635
103.294	97.492
104.542	97.458
106.202	97.459
107.406	97.409
109.523	97.235
110.49	97.091
111.518	96.977
112.546	97.033
113.574	97.031
114.602	96.992
115.63	97.043
117.686	96.974
119.486	96.941
119.742	96.948
122.808	96.829
123.853	96.724
124.881	96.707
125.909	96.727
126.937	96.659
128.619	96.298
130.021	96.054
130.28	95.961
131.049	95.595
132.077	94.977
132.771	94.485
133.105	94.267
134.133	93.727
135.161	93.383
136.189	92.91
137.217	92.333
139.273	91.383
140.301	90.737
143.564	88.596
144.412	88.063
145.225	87.499
145.44	87.343
146.468	86.516
147.408	85.711
148.502	84.905
149.51	83.994
150.518	82.881
152.534	81.275
154.549	79.64
155.557	78.877
157.594	77.276
158.697	76.483
162.611	73.731
163.619	72.903
164.627	71.748
164.76	71.619
167.65	69.196
167.911	69.001
168.344	68.715
168.658	68.471
169.666	67.829
169.9	67.8
170.674	67.706
171.681	67.756
172.689	67.773
173.697	67.72
174.705	65.93
175.713	65.844
176.72	65.917
177.728	65.945
178.736	66.031
179.744	66.078
180.751	66.103
181.759	66.179
182.767	66.186
183.775	66.108
184.783	66.146
185.79	66.09
187.806	65.93
189.821	65.868
190.829	65.867
191.837	65.998
192.845	65.867
193.853	65.695
194.86	65.653
195.868	65.521
196.876	65.609
198.891	65.703
199.899	65.83
200.907	66.025
201.915	65.957
202.923	65.984
203.93	65.96
204.938	65.97
205.946	65.93
206.5	66.007
206.954	66.071
207.759	66.152
208.969	66.227
209.977	67.791
210.985	68.37
211.993	69.248
213	70.068
214.008	70.438
215.016	70.681
216.717	71.009
218.039	71.241
219.047	71.336
220.055	71.462
221.063	71.63
222.07	71.709
224.086	71.608
225.094	71.482
226.102	71.55
227.109	71.659
228.117	71.716
229.125	71.629
231.141	71.498
232.148	71.462
233.156	71.493
234.164	71.597
235.172	71.622
236.179	71.54
237.321	71.485
238.195	71.423
239.203	71.116
240.211	70.964
241.218	71.073
242.226	71.142
243.234	71.061
244.242	70.893
244.487	70.866
247.265	70.779
248.273	70.81
249.281	70.807
252.549	70.915
255.327	70.969
257.343	70.862
258.344	70.913
260.344	70.912
261.344	70.946
262.344	70.949
263.344	71.012
264.344	70.977
267.344	70.653
270.717	70.767
271.344	70.811
272.344	70.972
273.344	70.979
274.344	70.86
275.344	70.701
276.344	70.746
277.344	70.858
278.344	70.938
279.344	70.869
281.344	70.671
281.717	70.709
281.972	70.711
283.344	70.867
285.344	70.812
287.344	70.881
288.344	70.941
289.344	70.921
291.717	70.687
292.344	70.611
292.717	70.63
292.972	70.664
294.344	70.743
295.344	70.767
296.344	70.928
296.717	70.97
301.972	71.502
303.344	71.619
304.344	71.725
306.344	71.538
308.344	71.646
309.344	71.573
310.344	71.468
312.344	71.572
317.344	71.344
318.344	71.452
320.344	71.561
321.344	71.541
322.344	71.488
323.344	71.619
324.344	71.633
325.344	71.559
326.344	71.432
327.344	71.377
329.344	71.308
331.344	71.297
333.344	71.146
335.344	70.822
336.344	70.938
336.972	70.983
339.972	71.135
341.344	71.238
343.344	71.566
345.344	72
346.344	72.335
347.344	72.603
348.344	72.833
350.344	74.145
352.344	75.615
353.344	76.103
355.717	77.817
357.344	79.036
358.344	79.74
359.344	80.412
360.972	81.476
364.344	83.565
365.344	84.053
369.344	85.363
370.344	85.803
371.344	86.133
372.344	86.151
373.344	86.111
374.344	86.115
375.344	86.167
375.972	86.231
376.344	86.278
377.344	86.445
378.344	86.4
380.344	86.406
380.972	86.422
382.344	86.477
385.344	86.543
386.972	86.605
387.344	86.623
388.344	86.737
390.344	87.382
391.344	87.608
392.344	87.808
393.344	88.064
394.344	88.409
397.344	89.291
398.344	89.544
399.344	89.618
401.344	89.702
403.344	89.654
406.344	89.163
407.344	88.908
408.344	88.899
409.344	88.832
410.344	88.865
411.344	88.963
412.344	88.961
413.344	88.886
414.344	88.79
415.344	88.754
416.344	88.918
417.344	88.993
418.972	89.255
420.344	89.435
421.344	89.496
422.344	89.529
423.344	89.379
425.344	88.939
426.344	88.916
428.344	88.993
429.344	89.005
431.344	88.991
433.344	88.918
435.344	88.944
438.344	88.919
439.344	88.971
441.344	89.206
444.344	89.361
445.344	89.282
447.344	89.028
448.344	88.944
451.344	89.232
453.344	89.131
455.344	89.176
457.344	89.253
459.344	89.377
460.344	89.41
465.344	89.178
467.344	89.112
468.344	89.124
470.344	89.199
471.344	89.199
476.344	89.082
478.344	89.136
479.344	89.051
480.344	88.994
484.221	89.004
